249.230 44.650 
249.240 44.660 
249.250 44.660 
249.260 44.670 
249.280 44.680 
249.310 44.680 
249.310 44.680 
249.320 44.680 
249.330 44.680 
249.350 44.690 
249.360 44.690 
249.370 44.700 
249.380 44.710 
249.390 44.720 
249.400 44.730 
249.410 44.730 
249.430 44.730 
249.450 44.740 
249.470 44.740 
249.490 44.740 
249.510 44.740 
249.530 44.750 
249.540 44.750 
249.560 44.760 
249.570 44.760 
249.600 44.760 
249.620 44.760 
249.630 44.750 
249.650 44.740 
249.680 44.730 
249.700 44.720 
249.730 44.700 
249.740 44.670 
249.750 44.660 
249.750 44.640 
249.750 44.620 
249.750 44.610 
249.750 44.610 
249.760 44.610 
249.770 44.600 
249.780 44.600 
249.800 44.590 
249.800 44.580 
249.790 44.560 
249.770 44.550 
249.760 44.550 
249.730 44.530 
249.720 44.530 
249.720 44.520 
249.710 44.510 
249.710 44.480 
249.710 44.460 
249.700 44.450 
249.690 44.430 
249.670 44.420 
249.650 44.400 
249.630 44.400 
249.610 44.380 
249.590 44.380 
249.570 44.370 
249.550 44.370 
249.540 44.370 
249.530 44.360 
249.530 44.360 
249.520 44.350 
249.520 44.350 
249.500 44.340 
249.490 44.340 
249.470 44.330 
249.460 44.320 
249.450 44.320 
249.440 44.310 
249.440 44.310 
249.430 44.300 
249.430 44.300 
249.420 44.300 
249.410 44.290 
249.390 44.290 
249.380 44.280 
249.360 44.270 
249.350 44.270 
249.340 44.260 
249.340 44.250 
249.330 44.240 
249.310 44.240 
249.290 44.230 
249.260 44.230 
249.240 44.220 
249.220 44.230 
249.200 44.230 
249.180 44.240 
249.170 44.240 
249.160 44.240 
249.140 44.250 
249.130 44.260 
249.110 44.270 
249.110 44.280 
249.100 44.300 
249.090 44.300 
249.080 44.310 
249.080 44.320 
249.060 44.320 
249.050 44.330 
249.040 44.350 
249.030 44.360 
249.020 44.370 
249.020 44.370 
249.010 44.380 
249.010 44.400 
249.000 44.410 
249.000 44.420 
248.990 44.420 
248.980 44.430 
248.970 44.440 
248.970 44.440 
248.950 44.450 
248.940 44.460 
248.940 44.470 
248.940 44.470 
248.940 44.470 
248.930 44.480 
248.930 44.500 
248.930 44.510 
248.930 44.520 
248.940 44.520 
248.940 44.530 
248.940 44.520 
248.940 44.530 
248.950 44.530 
248.960 44.550 
248.970 44.570 
248.980 44.580 
248.990 44.590 
249.010 44.600 
249.030 44.610 
249.030 44.610 
249.070 44.620 
249.120 44.630 
249.140 44.630 
249.190 44.640 
249.210 44.640 
249.230 44.650 
249.230 44.650 
