248.590 44.410 
248.590 44.410 
248.600 44.410 
248.610 44.410 
248.630 44.410 
248.640 44.410 
248.660 44.410 
248.680 44.410 
248.690 44.400 
248.700 44.390 
248.710 44.380 
248.720 44.380 
248.730 44.370 
248.730 44.350 
248.720 44.340 
248.720 44.330 
248.710 44.320 
248.700 44.310 
248.700 44.300 
248.700 44.290 
248.690 44.280 
248.690 44.270 
248.690 44.260 
248.680 44.250 
248.670 44.240 
248.660 44.240 
248.650 44.230 
248.630 44.230 
248.610 44.220 
248.590 44.220 
248.580 44.210 
248.560 44.210 
248.540 44.210 
248.530 44.210 
248.520 44.200 
248.500 44.200 
248.490 44.200 
248.480 44.200 
248.480 44.200 
248.480 44.210 
248.470 44.220 
248.460 44.230 
248.450 44.240 
248.450 44.250 
248.450 44.260 
248.440 44.260 
248.440 44.270 
248.430 44.280 
248.430 44.290 
248.420 44.300 
248.430 44.310 
248.440 44.330 
248.450 44.330 
248.470 44.340 
248.480 44.350 
248.500 44.360 
248.520 44.370 
248.530 44.370 
248.540 44.380 
248.550 44.390 
248.560 44.390 
248.570 44.400 
248.580 44.400 
248.580 44.410 
248.580 44.410 
248.590 44.410 
248.590 44.410 
Nan NaN
249.230 44.640 
249.230 44.640 
249.250 44.650 
249.260 44.640 
249.280 44.640 
249.300 44.640 
249.330 44.640 
249.350 44.640 
249.380 44.640 
249.400 44.640 
249.410 44.640 
249.440 44.640 
249.470 44.640 
249.510 44.630 
249.530 44.630 
249.550 44.620 
249.560 44.600 
249.580 44.580 
249.590 44.580 
249.600 44.560 
249.610 44.540 
249.620 44.530 
249.630 44.520 
249.630 44.490 
249.630 44.480 
249.620 44.470 
249.620 44.460 
249.620 44.450 
249.610 44.440 
249.600 44.430 
249.590 44.420 
249.580 44.410 
249.560 44.390 
249.560 44.380 
249.550 44.370 
249.530 44.360 
249.530 44.360 
249.530 44.360 
249.520 44.350 
249.520 44.350 
249.500 44.340 
249.490 44.340 
249.470 44.330 
249.460 44.320 
249.450 44.320 
249.440 44.310 
249.440 44.310 
249.440 44.310 
249.440 44.310 
249.430 44.300 
249.430 44.290 
249.430 44.270 
249.430 44.260 
249.430 44.250 
249.420 44.240 
249.430 44.240 
249.430 44.230 
249.440 44.220 
249.440 44.210 
249.450 44.200 
249.440 44.190 
249.440 44.180 
249.430 44.170 
249.420 44.160 
249.400 44.160 
249.390 44.150 
249.380 44.150 
249.370 44.150 
249.360 44.140 
249.350 44.140 
249.340 44.140 
249.330 44.130 
249.330 44.130 
249.330 44.130 
249.330 44.120 
249.330 44.120 
249.330 44.110 
249.330 44.110 
249.330 44.100 
249.330 44.090 
249.330 44.090 
249.330 44.080 
249.330 44.080 
249.320 44.080 
249.310 44.070 
249.300 44.070 
249.280 44.060 
249.280 44.070 
249.260 44.070 
249.260 44.080 
249.250 44.080 
249.240 44.090 
249.230 44.090 
249.210 44.100 
249.200 44.100 
249.180 44.120 
249.180 44.120 
249.170 44.120 
249.170 44.120 
249.160 44.130 
249.150 44.140 
249.140 44.150 
249.130 44.160 
249.120 44.170 
249.120 44.170 
249.110 44.170 
249.100 44.170 
249.100 44.170 
249.090 44.160 
249.070 44.150 
249.060 44.140 
249.040 44.130 
249.030 44.120 
249.010 44.120 
248.990 44.110 
248.970 44.110 
248.960 44.120 
248.940 44.130 
248.940 44.130 
248.930 44.150 
248.920 44.160 
248.900 44.160 
248.890 44.170 
248.880 44.170 
248.860 44.170 
248.850 44.170 
248.830 44.170 
248.810 44.170 
248.780 44.170 
248.750 44.170 
248.720 44.160 
248.700 44.160 
248.670 44.160 
248.640 44.160 
248.610 44.160 
248.610 44.160 
248.600 44.160 
248.580 44.160 
248.560 44.170 
248.540 44.180 
248.520 44.190 
248.500 44.190 
248.490 44.200 
248.480 44.200 
248.480 44.200 
248.480 44.210 
248.470 44.220 
248.460 44.230 
248.450 44.240 
248.450 44.250 
248.450 44.260 
248.440 44.260 
248.440 44.270 
248.430 44.280 
248.430 44.290 
248.420 44.300 
248.430 44.310 
248.440 44.330 
248.450 44.330 
248.470 44.340 
248.480 44.350 
248.500 44.360 
248.520 44.370 
248.530 44.370 
248.540 44.380 
248.550 44.390 
248.560 44.390 
248.570 44.400 
248.580 44.400 
248.580 44.410 
248.580 44.410 
248.590 44.410 
248.590 44.410 
248.590 44.410 
248.600 44.420 
248.620 44.430 
248.620 44.430 
248.640 44.430 
248.670 44.440 
248.700 44.450 
248.750 44.460 
248.780 44.470 
248.810 44.480 
248.830 44.490 
248.860 44.490 
248.880 44.500 
248.900 44.510 
248.920 44.510 
248.930 44.520 
248.940 44.520 
248.940 44.530 
248.950 44.530 
248.960 44.550 
248.970 44.570 
248.980 44.580 
248.990 44.590 
249.010 44.600 
249.030 44.610 
249.030 44.610 
249.070 44.620 
249.120 44.630 
249.140 44.630 
249.190 44.640 
249.210 44.640 
249.230 44.640 
Nan NaN
