248.590 44.410 
248.590 44.410 
248.600 44.410 
248.610 44.410 
248.630 44.410 
248.640 44.410 
248.660 44.410 
248.680 44.410 
248.690 44.400 
248.700 44.390 
248.710 44.380 
248.720 44.380 
248.730 44.370 
248.730 44.350 
248.720 44.340 
248.720 44.330 
248.710 44.320 
248.700 44.310 
248.700 44.300 
248.700 44.290 
248.690 44.280 
248.690 44.270 
248.690 44.260 
248.680 44.250 
248.670 44.240 
248.660 44.240 
248.650 44.230 
248.630 44.230 
248.610 44.220 
248.590 44.220 
248.580 44.210 
248.560 44.210 
248.540 44.210 
248.530 44.210 
248.520 44.200 
248.500 44.200 
248.490 44.200 
248.480 44.200 
248.480 44.200 
248.480 44.210 
248.470 44.220 
248.460 44.230 
248.450 44.240 
248.450 44.250 
248.450 44.260 
248.440 44.260 
248.440 44.270 
248.430 44.280 
248.430 44.290 
248.420 44.300 
248.430 44.310 
248.440 44.330 
248.450 44.330 
248.470 44.340 
248.480 44.350 
248.500 44.360 
248.520 44.370 
248.530 44.370 
248.540 44.380 
248.550 44.390 
248.560 44.390 
248.570 44.400 
248.580 44.400 
248.580 44.410 
248.580 44.410 
248.590 44.410 
248.590 44.410 
Nan NaN
249.230 44.640 
249.230 44.640 
249.250 44.650 
249.260 44.640 
249.280 44.640 
249.300 44.640 
249.330 44.640 
249.350 44.640 
249.380 44.640 
249.400 44.640 
249.410 44.640 
249.440 44.640 
249.470 44.640 
249.510 44.630 
249.530 44.630 
249.550 44.620 
249.560 44.600 
249.580 44.580 
249.590 44.580 
249.600 44.560 
249.610 44.540 
249.620 44.530 
249.630 44.520 
249.630 44.490 
249.630 44.480 
249.620 44.470 
249.620 44.460 
249.620 44.450 
249.610 44.440 
249.600 44.430 
249.590 44.420 
249.580 44.410 
249.560 44.390 
249.560 44.380 
249.550 44.370 
249.530 44.360 
249.530 44.360 
249.530 44.360 
249.520 44.350 
249.520 44.350 
249.500 44.340 
249.490 44.340 
249.470 44.330 
249.460 44.320 
249.450 44.320 
249.440 44.310 
249.440 44.310 
249.440 44.310 
249.440 44.310 
249.430 44.300 
249.430 44.290 
249.430 44.270 
249.430 44.260 
249.430 44.250 
249.420 44.240 
249.430 44.240 
249.430 44.230 
249.440 44.220 
249.440 44.210 
249.450 44.200 
249.440 44.190 
249.440 44.180 
249.430 44.170 
249.420 44.160 
249.400 44.160 
249.390 44.150 
249.380 44.150 
249.370 44.150 
249.360 44.140 
249.350 44.140 
249.340 44.140 
249.330 44.130 
249.330 44.130 
249.330 44.130 
249.330 44.120 
249.330 44.120 
249.330 44.110 
249.330 44.110 
249.330 44.100 
249.330 44.090 
249.330 44.090 
249.330 44.080 
249.330 44.080 
249.320 44.080 
249.310 44.070 
249.300 44.070 
249.280 44.060 
249.280 44.070 
249.260 44.070 
249.260 44.080 
249.250 44.080 
249.240 44.090 
249.230 44.090 
249.210 44.100 
249.200 44.100 
249.180 44.120 
249.180 44.120 
249.170 44.120 
249.170 44.120 
249.160 44.130 
249.150 44.140 
249.140 44.150 
249.130 44.160 
249.120 44.170 
249.120 44.170 
249.110 44.170 
249.100 44.170 
249.100 44.170 
249.090 44.160 
249.070 44.150 
249.060 44.140 
249.040 44.130 
249.030 44.120 
249.010 44.120 
248.990 44.110 
248.970 44.110 
248.960 44.120 
248.940 44.130 
248.940 44.130 
248.930 44.150 
248.920 44.160 
248.900 44.160 
248.890 44.170 
248.880 44.170 
248.860 44.170 
248.850 44.170 
248.830 44.170 
248.810 44.170 
248.780 44.170 
248.750 44.170 
248.720 44.160 
248.700 44.160 
248.670 44.160 
248.640 44.160 
248.610 44.160 
248.610 44.160 
248.600 44.160 
248.580 44.160 
248.560 44.170 
248.540 44.180 
248.520 44.190 
248.500 44.190 
248.490 44.200 
248.480 44.200 
248.480 44.200 
248.480 44.210 
248.470 44.220 
248.460 44.230 
248.450 44.240 
248.450 44.250 
248.450 44.260 
248.440 44.260 
248.440 44.270 
248.430 44.280 
248.430 44.290 
248.420 44.300 
248.430 44.310 
248.440 44.330 
248.450 44.330 
248.470 44.340 
248.480 44.350 
248.500 44.360 
248.520 44.370 
248.530 44.370 
248.540 44.380 
248.550 44.390 
248.560 44.390 
248.570 44.400 
248.580 44.400 
248.580 44.410 
248.580 44.410 
248.590 44.410 
248.590 44.410 
248.590 44.410 
248.600 44.420 
248.620 44.430 
248.620 44.430 
248.640 44.430 
248.670 44.440 
248.700 44.450 
248.750 44.460 
248.780 44.470 
248.810 44.480 
248.830 44.490 
248.860 44.490 
248.880 44.500 
248.900 44.510 
248.920 44.510 
248.930 44.520 
248.940 44.520 
248.940 44.530 
248.950 44.530 
248.960 44.550 
248.970 44.570 
248.980 44.580 
248.990 44.590 
249.010 44.600 
249.030 44.610 
249.030 44.610 
249.070 44.620 
249.120 44.630 
249.140 44.630 
249.190 44.640 
249.210 44.640 
249.230 44.640 
Nan NaN
248.320 44.340 
248.320 44.340 
248.330 44.340 
248.340 44.330 
248.350 44.320 
248.370 44.310 
248.390 44.310 
248.420 44.300 
248.440 44.290 
248.450 44.270 
248.470 44.240 
248.470 44.240 
248.480 44.230 
248.490 44.210 
248.500 44.200 
248.500 44.190 
248.500 44.150 
248.500 44.150 
248.500 44.120 
248.500 44.100 
248.500 44.070 
248.500 44.040 
248.510 44.020 
248.510 44.020 
248.510 44.010 
248.520 43.970 
248.520 43.960 
248.520 43.950 
248.520 43.940 
248.520 43.900 
248.510 43.880 
248.510 43.860 
248.490 43.840 
248.480 43.820 
248.470 43.800 
248.460 43.790 
248.440 43.780 
248.430 43.770 
248.420 43.760 
248.410 43.750 
248.380 43.720 
248.360 43.710 
248.350 43.700 
248.310 43.690 
248.300 43.680 
248.270 43.670 
248.250 43.660 
248.220 43.650 
248.200 43.640 
248.180 43.640 
248.150 43.630 
248.120 43.640 
248.100 43.630 
248.070 43.630 
248.050 43.640 
248.030 43.640 
247.990 43.650 
247.950 43.660 
247.920 43.670 
247.920 43.670 
247.900 43.680 
247.870 43.690 
247.850 43.700 
247.830 43.710 
247.810 43.720 
247.800 43.720 
247.780 43.730 
247.760 43.740 
247.740 43.760 
247.730 43.770 
247.720 43.780 
247.690 43.800 
247.660 43.830 
247.620 43.870 
247.600 43.880 
247.580 43.900 
247.560 43.920 
247.550 43.940 
247.540 43.950 
247.540 43.970 
247.540 44.000 
247.540 44.020 
247.550 44.050 
247.550 44.070 
247.560 44.090 
247.570 44.100 
247.580 44.120 
247.590 44.140 
247.600 44.170 
247.610 44.170 
247.630 44.200 
247.650 44.230 
247.670 44.240 
247.680 44.260 
247.700 44.270 
247.720 44.280 
247.740 44.300 
247.750 44.300 
247.770 44.320 
247.790 44.320 
247.810 44.330 
247.830 44.340 
247.860 44.340 
247.910 44.360 
247.930 44.360 
247.950 44.370 
248.000 44.370 
248.050 44.370 
248.090 44.370 
248.090 44.370 
248.100 44.370 
248.140 44.370 
248.160 44.370 
248.190 44.370 
248.240 44.360 
248.270 44.360 
248.300 44.340 
248.310 44.340 
248.320 44.340 
248.320 44.340 
248.320 44.340 
248.320 44.340 
Nan NaN
247.400 44.050 
247.420 44.060 
247.420 44.060 
247.430 44.060 
247.470 44.060 
247.510 44.060 
247.540 44.060 
247.560 44.050 
247.580 44.040 
247.610 44.030 
247.630 44.010 
247.660 43.990 
247.670 43.980 
247.680 43.960 
247.690 43.950 
247.680 43.910 
247.680 43.890 
247.670 43.850 
247.660 43.820 
247.640 43.800 
247.630 43.760 
247.620 43.740 
247.600 43.710 
247.590 43.690 
247.580 43.680 
247.560 43.650 
247.520 43.620 
247.500 43.590 
247.460 43.570 
247.450 43.560 
247.430 43.550 
247.390 43.530 
247.350 43.510 
247.310 43.510 
247.250 43.510 
247.210 43.510 
247.170 43.510 
247.140 43.510 
247.100 43.510 
247.040 43.520 
247.000 43.520 
246.950 43.530 
246.920 43.530 
246.900 43.540 
246.890 43.550 
246.870 43.550 
246.860 43.550 
246.850 43.560 
246.850 43.580 
246.860 43.600 
246.870 43.610 
246.890 43.630 
246.920 43.640 
246.930 43.640 
246.950 43.650 
246.970 43.650 
246.980 43.660 
247.010 43.680 
247.030 43.690 
247.050 43.690 
247.070 43.720 
247.080 43.720 
247.100 43.740 
247.110 43.750 
247.130 43.770 
247.140 43.790 
247.170 43.820 
247.180 43.850 
247.190 43.880 
247.200 43.890 
247.210 43.910 
247.210 43.920 
247.220 43.940 
247.220 43.950 
247.230 43.970 
247.250 43.980 
247.260 44.000 
247.280 44.010 
247.310 44.020 
247.330 44.030 
247.350 44.030 
247.370 44.040 
247.390 44.050 
247.400 44.050 
Nan NaN
248.300 44.100 
248.320 44.100 
248.320 44.090 
248.350 44.080 
248.370 44.070 
248.380 44.060 
248.390 44.050 
248.410 44.040 
248.420 44.030 
248.420 44.010 
248.440 43.990 
248.440 43.970 
248.450 43.950 
248.450 43.930 
248.450 43.910 
248.460 43.900 
248.470 43.880 
248.470 43.840 
248.470 43.830 
248.470 43.800 
248.470 43.780 
248.440 43.750 
248.420 43.740 
248.400 43.710 
248.400 43.700 
248.380 43.680 
248.370 43.670 
248.360 43.660 
248.340 43.640 
248.330 43.640 
248.290 43.620 
248.270 43.600 
248.260 43.600 
248.220 43.570 
248.200 43.560 
248.160 43.540 
248.150 43.540 
248.130 43.530 
248.090 43.520 
248.070 43.520 
248.030 43.500 
248.000 43.500 
247.990 43.490 
247.960 43.480 
247.930 43.480 
247.900 43.470 
247.870 43.470 
247.840 43.460 
247.820 43.450 
247.800 43.450 
247.800 43.450 
247.780 43.440 
247.740 43.430 
247.720 43.420 
247.700 43.420 
247.690 43.420 
247.670 43.410 
247.640 43.400 
247.630 43.390 
247.600 43.390 
247.570 43.390 
247.560 43.400 
247.530 43.400 
247.500 43.400 
247.460 43.410 
247.420 43.420 
247.410 43.420 
247.360 43.440 
247.340 43.440 
247.310 43.450 
247.270 43.470 
247.240 43.480 
247.220 43.480 
247.190 43.500 
247.170 43.520 
247.130 43.540 
247.120 43.560 
247.110 43.580 
247.100 43.590 
247.100 43.620 
247.100 43.650 
247.110 43.670 
247.120 43.680 
247.150 43.710 
247.170 43.730 
247.190 43.740 
247.230 43.760 
247.280 43.780 
247.280 43.780 
247.280 43.780 
247.290 43.790 
247.300 43.800 
247.310 43.800 
247.330 43.810 
247.370 43.830 
247.390 43.840 
247.410 43.850 
247.430 43.860 
247.450 43.870 
247.470 43.880 
247.490 43.890 
247.510 43.910 
247.540 43.920 
247.570 43.930 
247.590 43.940 
247.610 43.950 
247.640 43.960 
247.670 43.970 
247.700 43.980 
247.740 43.990 
247.770 44.000 
247.780 44.010 
247.820 44.020 
247.840 44.020 
247.870 44.040 
247.880 44.040 
247.900 44.050 
247.910 44.060 
247.940 44.070 
247.950 44.090 
247.970 44.090 
247.990 44.100 
248.010 44.110 
248.050 44.120 
248.080 44.120 
248.120 44.120 
248.140 44.120 
248.180 44.120 
248.200 44.120 
248.230 44.120 
248.250 44.120 
248.280 44.110 
248.300 44.100 
248.300 44.100 
248.300 44.100 
248.300 44.100 
248.300 44.100 
248.300 44.100 
Nan NaN
246.540 42.950 
246.540 43.000 
246.550 43.080 
246.600 43.150 
246.650 43.200 
246.700 43.250 
246.720 43.290 
246.770 43.330 
246.870 43.350 
246.970 43.350 
247.070 43.330 
247.170 43.320 
247.240 43.290 
247.300 43.270 
247.360 43.250 
247.460 43.250 
247.550 43.240 
247.620 43.200 
247.700 43.180 
247.770 43.130 
247.830 43.090 
247.860 43.060 
247.890 43.000 
247.890 42.960 
247.870 42.930 
247.840 42.890 
247.810 42.850 
247.770 42.810 
247.730 42.790 
247.680 42.770 
247.660 42.750 
247.610 42.740 
247.570 42.720 
247.520 42.700 
247.490 42.680 
247.410 42.660 
247.360 42.610 
247.280 42.590 
247.210 42.570 
247.170 42.540 
247.090 42.540 
247.030 42.530 
246.970 42.550 
246.910 42.560 
246.810 42.580 
246.720 42.620 
246.650 42.680 
246.600 42.740 
246.560 42.800 
246.550 42.870 
246.540 42.950 
Nan NaN 
245.540 42.630 
245.540 42.710 
245.510 42.770 
245.500 42.860 
245.510 42.920 
245.510 43.000 
245.510 43.070 
245.540 43.120 
245.600 43.140 
245.690 43.150 
245.820 43.120 
245.960 43.090 
246.020 43.050 
246.090 43.000 
246.150 42.960 
246.240 42.920 
246.310 42.870 
246.360 42.820 
246.440 42.770 
246.500 42.710 
246.550 42.600 
246.550 42.540 
246.510 42.480 
246.450 42.420 
246.380 42.400 
246.250 42.370 
246.150 42.350 
246.040 42.350 
245.980 42.350 
245.870 42.340 
245.770 42.390 
245.690 42.410 
245.590 42.460 
245.580 42.530 
245.550 42.570 
245.540 42.630 
Nan NaN
244.590 42.030 
244.550 42.080 
244.490 42.110 
244.450 42.140 
244.390 42.180 
244.360 42.210 
244.320 42.270 
244.320 42.350 
244.310 42.400 
244.320 42.500 
244.330 42.550 
244.400 42.600 
244.480 42.630 
244.530 42.680 
244.600 42.680 
244.690 42.680 
244.770 42.660 
244.870 42.630 
244.950 42.570 
245.020 42.500 
245.100 42.430 
245.140 42.360 
245.170 42.310 
245.210 42.230 
245.210 42.170 
245.220 42.110 
245.230 42.080 
245.220 42.030 
245.180 41.980 
245.160 41.970 
245.080 41.940 
245.030 41.920 
244.970 41.910 
244.860 41.930 
244.750 41.940 
244.660 41.990 
244.630 42.010 
244.590 42.030 
Nan NaN
243.110 41.970 
243.100 42.010 
243.100 42.080 
243.110 42.160 
243.110 42.240 
243.140 42.320 
243.160 42.400 
243.200 42.470 
243.250 42.520 
243.300 42.560 
243.350 42.600 
243.430 42.610 
243.510 42.600 
243.570 42.570 
243.620 42.540 
243.680 42.490 
243.740 42.460 
243.790 42.400 
243.840 42.340 
243.880 42.280 
243.910 42.240 
243.910 42.200 
243.920 42.140 
243.950 42.040 
243.960 42.000 
243.940 41.960 
243.920 41.910 
243.910 41.840 
243.890 41.780 
243.880 41.720 
243.840 41.620 
243.830 41.570 
243.800 41.530 
243.740 41.470 
243.690 41.440 
243.600 41.440 
243.540 41.410 
243.470 41.440 
243.380 41.450 
243.310 41.480 
243.260 41.530 
243.190 41.570 
243.170 41.610 
243.140 41.650 
243.100 41.720 
243.070 41.770 
243.060 41.860 
243.100 41.920 
243.110 41.950 
243.110 41.970 
Nan NaN
242.080 42.140 
242.060 42.190 
242.100 42.230 
242.140 42.270 
242.170 42.300 
242.220 42.310 
242.290 42.300 
242.330 42.280 
242.400 42.250 
242.460 42.210 
242.480 42.170 
242.490 42.150 
242.510 42.100 
242.510 42.050 
242.510 42.020 
242.480 41.990 
242.450 41.970 
242.410 41.960 
242.350 41.940 
242.300 41.950 
242.240 41.960 
242.160 41.990 
242.140 42.020 
242.100 42.060 
242.100 42.130 
242.080 42.140 
242.080 42.140 
Nan NaN
242.050 41.920 
242.090 41.900 
242.140 41.860 
242.190 41.860 
242.250 41.870 
242.270 41.910 
242.290 41.940 
242.300 42.000 
242.350 42.110 
242.520 42.130 
242.560 42.140 
242.570 42.170 
242.570 42.230 
242.560 42.290 
242.540 42.320 
242.520 42.340 
242.430 42.360 
242.380 42.350 
242.330 42.330 
242.300 42.310 
242.300 42.310 
242.260 42.170 
242.060 42.130 
242.010 42.060 
242.030 42.020 
242.060 41.970 
242.080 41.940 
242.050 41.920 
Nan NaN
